-2048 0.69314718055994531
-2044 -10000
-2040 7.6246189861593984
-2036 8.3177661667193437
-2032 13.871694274719092
-2028 15.255080247943025
-2024 19.733387465214510
-2020 21.507984435022926
-2016 25.337431814240905
-2012 27.367875276709467
-2008 30.755501826282816
-2004 32.955956028166000
-2000 36.031656463653132
-1996 38.339723944068084
-1992 41.193360999448364
-1988 43.562345984914166
-1984 46.257644847706076
-1980 48.653623922881300
-1976 51.235334285942179
-1972 53.635071370708105
-1968 56.133923784927009
-1964 58.522654134489480
-1960 60.959283776604538
-1956 63.328459047821383
-1952 65.716511860469234
-1948 68.061803456675277
-1944 70.410273682310206
-1940 72.730011006884668
-1936 75.044899662508891
-1932 77.338963982563556
-1928 79.624393577306665
-1924 81.893495600664900
-1920 84.152425481131467
-1916 86.397665692773220
-1912 88.632334053049600
-1908 90.854952618171142
-1904 93.067141928319633
-1900 95.268386567233459
-1896 97.459580209259024
-1892 99.640642907098699
-1888 101.81211730282195
-1884 103.97410877835419
-1880 106.12698836062085
-1876 108.27093190207472
-1872 110.40622306686890
-1868 112.53305747332127
-1864 114.65167069038903
-1860 116.76225691544201
-1856 118.86502207516297
-1852 120.96015090452676
-1848 123.04782866448097
-1844 125.12822821632767
-1840 127.20151884828742
-1836 129.26786141970386
-1832 131.32741198563274
-1828 133.38032011578127
-1824 135.42673044833040
-1820 137.46678221935632
-1816 139.50060999646546
-1812 141.52834364889410
-1808 143.55010875205142
-1804 145.56602670447104
-1800 147.57621499382306
-1796 149.58078735228726
-1792 151.57985395786562
-1788 153.57352159022929
-1784 155.56189379651880
-1780 157.54507103576590
-1776 159.52315082144548
-1772 161.49622785183539
-1768 163.46439413513781
-1764 165.42773910622024
-1760 167.38634973758660
-1756 169.34031064381712
-1752 171.28970418058479
-1748 173.23461053823703
-1744 175.17510783051700
-1740 177.11127217862353
-1736 179.04317779097931
-1732 180.97089703894496
-1728 182.89450052875656
-1724 184.81405716991182
-1720 186.72963424023146
-1716 188.64129744779619
-1712 190.54911098995129
-1708 192.45313760955431
-1704 194.35343864863137
-1700 196.25007409959547
-1696 198.14310265417100
-1692 200.03258175015908
-1688 201.91856761617037
-1684 203.80111531444436
-1680 205.68027878186732
-1676 207.55611086929500
-1672 209.42866337928053
-1668 211.29798710230283
-1664 213.16413185158659
-1660 215.02714649660046
-1656 216.88707899531663
-1652 218.74397642531174
-1648 220.59788501378579
-1644 222.44885016657324
-1640 224.29691649621799
-1636 226.14212784918114
-1632 227.98452733224879
-1628 229.82415733820399
-1624 231.66105957082537
-1620 233.49527506927153
-1616 235.32684423190823
-1612 237.15580683963132
-1608 238.98220207873528
-1604 240.80606856337237
-1600 242.62744435764241
-1596 244.44636699734726
-1592 246.26287351143693
-1588 248.07700044316612
-1584 249.88878387097053
-1580 251.69825942906165
-1576 253.50546232772612
-1572 255.31042737330221
-1568 257.11318898779017
-1564 258.91378122803613
-1560 260.71223780441023
-1556 262.50859209887899
-1552 264.30287718234991
-1548 266.09512583114234
-1544 267.88537054241401
-1540 269.67364354834647
-1536 271.45997682886633
-1532 273.24440212265219
-1528 275.02695093615102
-1524 276.80765455030190
-1520 278.58654402464155
-1516 280.36365019844450
-1512 282.13900368853282
-1508 283.91263488337689
-1504 285.68457393310035
-1500 287.45485073500090
-1496 289.22349491420465
-1492 290.99053579908656
-1488 292.75600239111442
-1484 294.51992332880940
-1480 296.28232684556349
-1476 298.04324072111431
-1472 299.80269222654987
-1468 301.56070806280164
-1464 303.31731429268203
-1460 305.07253626663205
-1456 306.82639854246534
-1452 308.57892479952322
-1448 310.33013774779129
-1444 312.08005903266642
-1440 313.82870913620236
-1436 315.57610727579751
-1432 317.32227130141593
-1428 319.06721759254833
-1424 320.81096095621844
-1420 322.55351452741826
-1416 324.29488967340860
-1412 326.03509590334556
-1408 327.77414078468696
-1404 329.51202986779232
-1400 331.24876662005575
-1396 332.98435237080287
-1392 334.71878626804235
-1388 336.45206524799253
-1384 338.18418401810770
-1380 339.91513505411217
-1376 341.64490861131876
-1372 343.37349275026866
-1368 345.10087337648802
-1364 346.82703429392075
-1360 348.55195727137271
-1356 350.27562212109649
-1352 351.99800678846331
-1348 353.71908745151413
-1344 355.43883862905820
-1340 357.15723329589732
-1336 358.87424300369760
-1332 360.58983800600829
-1328 362.30398738593692
-1324 364.01665918502972
-1320 365.72782053197288
-1316 367.43743776981910
-1312 369.14547658055263
-1308 370.85190210592760
-1304 372.55667906364781
-1300 374.25977185809365
-1296 375.96114468494277
-1292 377.66076162916903
-1288 379.35858675603885
-1284 381.05458419485057
-1280 382.74871821528012
-1276 384.44095329630326
-1272 386.13125418776042
-1268 387.81958596471268
-1264 389.50591407480922
-1260 391.19020437894465
-1256 392.87242318553241
-1252 394.55253727875647
-1248 396.23051394118982
-1244 397.90632097118540
-1240 399.57992669545408
-1236 401.25129997724638
-1232 402.92041022055029
-1228 404.58722737070857
-1224 406.25172191184574
-1220 407.91386486147812
-1216 409.57362776266165
-1212 411.23098267401109
-1208 412.88590215790259
-1204 414.53835926714854
-1200 416.18832753041134
-1196 417.83578093659951
-1192 419.48069391846793
-1188 421.12304133562209
-1184 422.76279845710589
-1180 424.39994094373297
-1176 426.03444483030311
-1172 427.66628650782793
-1168 429.29544270587434
-1164 430.92189047511916
-1160 432.54560717019484
-1156 434.16657043289393
-1152 435.78475817578836
-1148 437.40014856630980
-1144 439.01272001132781
-1140 440.62245114225460
-1136 442.22932080069768
-1132 443.83330802467543
-1128 445.43439203540465
-1124 447.03255222466443
-1120 448.62776814273620
-1116 450.22001948691609
-1112 451.80928609059254
-1108 453.39554791287938
-1104 454.97878502879234
-1100 456.55897761995504
-1096 458.13610596581888
-1092 459.71015043538032
-1088 461.28109147937775
-1084 462.84890962294965
-1080 464.41358545873527
-1076 465.97509964039873
-1072 467.53343287655724
-1068 469.08856592509438
-1064 470.64047958783929
-1060 472.18915470559298
-1056 473.73457215348344
-1052 475.27671283663137
-1048 476.81555768610903
-1044 478.35108765517530
-1040 479.88328371577035
-1036 481.41212685525422
-1032 482.93759807337397
-1028 484.45967837944501
-1024 485.97834878973248
-1020 487.49359032501960
-1016 489.00538400835031
-1012 490.51371086293419
-1008 492.01855191020247
-1004 493.51988816800427
-1000 495.01770064893325
-996 496.51197035877485
-992 498.00267829506552
-988 499.48980544575549
-984 500.97333278796720
-980 502.45324128684228
-976 503.92951189447009
-972 505.40212554889169
-968 506.87106317317326
-964 508.33630567454354
-960 509.79783394359029
-956 511.25562885351114
-952 512.70967125941442
-948 514.15994199766620
-944 515.60642188527971
-940 517.04909171934395
-936 518.48793227648842
-932 519.92292431238109
-928 521.35404856125715
-924 522.78128573547619
-920 524.20461652510571
-916 525.62402159752898
-912 527.03948159707562
-908 528.45097714467328
-904 529.85848883751899
-900 531.26199724876892
-896 532.66148292724543
-892 534.05692639716037
-888 535.44830815785378
-884 536.83560868354703
-880 538.21880842310985
-876 539.59788779984056
-872 540.97282721125889
-868 542.34360702891102
-864 543.71020759818627
-860 545.07260923814520
-856 546.43079224135883
-852 547.78473687375854
-848 549.13442337449665
-844 550.47983195581738
-840 551.82094280293806
-836 553.15773607394050
-832 554.49019189967244
-828 555.81829038365904
-824 557.14201160202433
-820 558.46133560342271
-816 559.77624240898035
-812 561.08671201224676
-808 562.39272437915633
-804 563.69425944800010
-800 564.99129712940770
-796 566.28381730633966
-792 567.57179983409012
-788 568.85522454030006
-784 570.13407122498123
-780 571.40831966055087
-776 572.67794959187728
-772 573.94294073633664
-768 575.20327278388091
-764 576.45892539711723
-760 577.70987821139889
-756 578.95611083492805
-752 580.19760284887035
-748 581.43433380748177
-744 582.66628323824768
-740 583.89343064203455
-736 585.11575549325427
-732 586.33323724004153
-728 587.54585530444428
-724 588.75358908262761
-720 589.95641794509127
-716 591.15432123690093
-712 592.34727827793366
-708 593.53526836313762
-704 594.71827076280633
-700 595.89626472286780
-696 597.06922946518864
-692 598.23714418789360
-688 599.39998806570057
-684 600.55774025027151
-680 601.71037987057947
-676 602.85788603329201
-672 604.00023782317122
-668 605.13741430349081
-664 606.26939451647032
-660 607.39615748372690
-656 608.51768220674487
-652 609.63394766736343
-648 610.74493282828271
-644 611.85061663358862
-640 612.95097800929658
-636 614.04599586391468
-632 615.13564908902638
-628 616.21991655989325
-624 617.29877713607787
-620 618.37220966208732
-616 619.44019296803762
-612 620.50270587033934
-608 621.55972717240477
-604 622.61123566537692
-600 623.65721012888077
-596 624.69762933179703
-592 625.73247203305871
-588 626.76171698247095
-584 627.78534292155432
-580 628.80332858441197
-576 629.81565269862102
-572 630.82229398614841
-568 631.82323116429162
-564 632.81844294664461
-560 633.80790804408921
-556 634.79160516581245
-552 635.76951302034997
-548 636.74161031665598
-544 637.70787576520011
-540 638.66828807909129
-536 639.62282597522921
-532 640.57146817548350
-528 641.51419340790111
-524 642.45098040794197
-520 643.38180791974348
-516 644.30665469741399
-512 645.22549950635557
-508 646.13832112461643
-504 647.04509834427316
-500 647.94580997284323
-496 648.84043483472785
-492 649.72895177268553
-488 650.61133964933666
-484 651.48757734869915
-480 652.35764377775566
-476 653.22151786805238
-472 654.07917857732967
-468 654.93060489118485
-464 655.77577582476719
-460 656.61467042450536
-456 657.44726776986752
-452 658.27354697515410
-448 659.09348719132358
-444 659.90706760785120
-440 660.71426745462089
-436 661.51506600385035
-432 662.30944257204946
-428 663.09737652201205
-424 663.87884726484107
-420 664.65383426200715
-416 665.42231702744057
-412 666.18427512965663
-408 666.93968819391439
-404 667.68853590440863
-400 668.43079800649506
-396 669.16645430894854
-392 669.89548468625436
-388 670.61786908093212
-384 671.33358750589240
-380 672.04262004682565
-376 672.74494686462328
-372 673.44054819783061
-368 674.12940436513140
-364 674.81149576786354
-360 675.48680289256569
-356 676.15530631355437
-352 676.81698669553113
-348 677.47182479621928
-344 678.11980146902975
-340 678.76089766575559
-336 679.39509443929447
-332 680.02237294639858
-328 680.64271445045144
-324 681.25610032427080
-320 681.86251205293700
-316 682.46193123664610
-312 683.05433959358689
-308 683.63971896284105
-304 684.21805130730567
-300 684.78931871663703
-296 685.35350341021497
-292 685.91058774012674
-288 686.46055419416929
-284 687.00338539886906
-280 687.53906412251822
-276 688.06757327822601
-272 688.58889592698430
-268 689.10301528074602
-264 689.60991470551518
-260 690.10957772444738
-256 690.60198802095930
-252 691.08712944184595
-248 691.56498600040422
-244 692.03554187956135
-240 692.49878143500686
-236 692.95468919832636
-232 693.40324988013583
-228 693.84444837321470
-224 694.27826975563623
-220 694.70469929389348
-216 695.12372244601919
-212 695.53532486469805
-208 695.93949240036938
-204 696.33621110431873
-200 696.72546723175643
-196 697.10724724488146
-192 697.48153781592867
-188 697.84832583019764
-184 698.20759838906127
-180 698.55934281295219
-176 698.90354664432517
-172 699.24019765059358
-168 699.56928382703807
-164 699.89079339968537
-160 700.20471482815547
-156 700.51103680847516
-152 700.80974827585600
-148 701.10083840743477
-144 701.38429662497447
-140 701.66011259752398
-136 701.92827624403444
-132 702.18877773593036
-128 702.44160749963365
-124 702.68675621903871
-120 702.92421483793653
-116 703.15397456238623
-112 703.37602686303191
-108 703.59036347736324
-104 703.79697641191793
-100 703.99585794442428
-96 704.18700062588222
-92 704.37039728258105
-88 704.54604101805235
-84 704.71392521495631
-80 704.87404353690013
-76 705.02638993018682
-72 705.17095862549300
-68 705.30774413947426
-64 705.43674127629684
-60 705.55794512909412
-56 705.67135108134691
-52 705.77695480818613
-48 705.87475227761697
-44 705.96473975166326
-40 706.04691378743129
-36 706.12127123809188
-32 706.18780925378010
-28 706.24652528241163
-24 706.29741707041523
-20 706.34048266338050
-16 706.37572040662052
-12 706.40312894564871
-8 706.42270722656958
-4 706.43445449638308
0 706.43837030320210
4 706.43445449638308
8 706.42270722656958
12 706.40312894564871
16 706.37572040662052
20 706.34048266338050
24 706.29741707041523
28 706.24652528241163
32 706.18780925378010
36 706.12127123809188
40 706.04691378743129
44 705.96473975166326
48 705.87475227761697
52 705.77695480818613
56 705.67135108134691
60 705.55794512909412
64 705.43674127629684
68 705.30774413947426
72 705.17095862549300
76 705.02638993018682
80 704.87404353690013
84 704.71392521495631
88 704.54604101805235
92 704.37039728258105
96 704.18700062588222
100 703.99585794442428
104 703.79697641191793
108 703.59036347736324
112 703.37602686303191
116 703.15397456238623
120 702.92421483793653
124 702.68675621903871
128 702.44160749963365
132 702.18877773593036
136 701.92827624403444
140 701.66011259752398
144 701.38429662497447
148 701.10083840743477
152 700.80974827585600
156 700.51103680847516
160 700.20471482815547
164 699.89079339968537
168 699.56928382703807
172 699.24019765059358
176 698.90354664432517
180 698.55934281295219
184 698.20759838906127
188 697.84832583019764
192 697.48153781592867
196 697.10724724488146
200 696.72546723175643
204 696.33621110431873
208 695.93949240036938
212 695.53532486469805
216 695.12372244601919
220 694.70469929389348
224 694.27826975563623
228 693.84444837321470
232 693.40324988013583
236 692.95468919832636
240 692.49878143500686
244 692.03554187956135
248 691.56498600040422
252 691.08712944184595
256 690.60198802095930
260 690.10957772444738
264 689.60991470551518
268 689.10301528074602
272 688.58889592698430
276 688.06757327822601
280 687.53906412251822
284 687.00338539886906
288 686.46055419416929
292 685.91058774012674
296 685.35350341021497
300 684.78931871663703
304 684.21805130730567
308 683.63971896284105
312 683.05433959358689
316 682.46193123664610
320 681.86251205293700
324 681.25610032427080
328 680.64271445045144
332 680.02237294639858
336 679.39509443929447
340 678.76089766575559
344 678.11980146902975
348 677.47182479621928
352 676.81698669553113
356 676.15530631355437
360 675.48680289256569
364 674.81149576786354
368 674.12940436513140
372 673.44054819783061
376 672.74494686462328
380 672.04262004682565
384 671.33358750589240
388 670.61786908093212
392 669.89548468625436
396 669.16645430894854
400 668.43079800649506
404 667.68853590440863
408 666.93968819391439
412 666.18427512965663
416 665.42231702744057
420 664.65383426200715
424 663.87884726484107
428 663.09737652201205
432 662.30944257204946
436 661.51506600385035
440 660.71426745462089
444 659.90706760785120
448 659.09348719132358
452 658.27354697515410
456 657.44726776986752
460 656.61467042450536
464 655.77577582476719
468 654.93060489118485
472 654.07917857732967
476 653.22151786805238
480 652.35764377775566
484 651.48757734869915
488 650.61133964933666
492 649.72895177268553
496 648.84043483472785
500 647.94580997284323
504 647.04509834427316
508 646.13832112461643
512 645.22549950635557
516 644.30665469741399
520 643.38180791974348
524 642.45098040794197
528 641.51419340790111
532 640.57146817548350
536 639.62282597522921
540 638.66828807909129
544 637.70787576520011
548 636.74161031665598
552 635.76951302034997
556 634.79160516581245
560 633.80790804408921
564 632.81844294664461
568 631.82323116429162
572 630.82229398614841
576 629.81565269862102
580 628.80332858441197
584 627.78534292155432
588 626.76171698247095
592 625.73247203305871
596 624.69762933179703
600 623.65721012888077
604 622.61123566537692
608 621.55972717240477
612 620.50270587033934
616 619.44019296803762
620 618.37220966208732
624 617.29877713607787
628 616.21991655989325
632 615.13564908902638
636 614.04599586391468
640 612.95097800929658
644 611.85061663358862
648 610.74493282828271
652 609.63394766736343
656 608.51768220674487
660 607.39615748372690
664 606.26939451647032
668 605.13741430349081
672 604.00023782317122
676 602.85788603329201
680 601.71037987057947
684 600.55774025027151
688 599.39998806570057
692 598.23714418789360
696 597.06922946518864
700 595.89626472286780
704 594.71827076280633
708 593.53526836313762
712 592.34727827793366
716 591.15432123690093
720 589.95641794509127
724 588.75358908262761
728 587.54585530444428
732 586.33323724004153
736 585.11575549325427
740 583.89343064203455
744 582.66628323824768
748 581.43433380748177
752 580.19760284887035
756 578.95611083492805
760 577.70987821139889
764 576.45892539711723
768 575.20327278388091
772 573.94294073633664
776 572.67794959187728
780 571.40831966055087
784 570.13407122498123
788 568.85522454030006
792 567.57179983409012
796 566.28381730633966
800 564.99129712940770
804 563.69425944800010
808 562.39272437915633
812 561.08671201224676
816 559.77624240898035
820 558.46133560342271
824 557.14201160202433
828 555.81829038365904
832 554.49019189967244
836 553.15773607394050
840 551.82094280293806
844 550.47983195581738
848 549.13442337449665
852 547.78473687375854
856 546.43079224135883
860 545.07260923814520
864 543.71020759818627
868 542.34360702891102
872 540.97282721125889
876 539.59788779984056
880 538.21880842310985
884 536.83560868354703
888 535.44830815785378
892 534.05692639716037
896 532.66148292724543
900 531.26199724876892
904 529.85848883751899
908 528.45097714467328
912 527.03948159707562
916 525.62402159752898
920 524.20461652510571
924 522.78128573547619
928 521.35404856125715
932 519.92292431238109
936 518.48793227648842
940 517.04909171934395
944 515.60642188527971
948 514.15994199766620
952 512.70967125941442
956 511.25562885351114
960 509.79783394359029
964 508.33630567454354
968 506.87106317317326
972 505.40212554889169
976 503.92951189447009
980 502.45324128684228
984 500.97333278796720
988 499.48980544575549
992 498.00267829506552
996 496.51197035877485
1000 495.01770064893325
1004 493.51988816800427
1008 492.01855191020247
1012 490.51371086293419
1016 489.00538400835031
1020 487.49359032501960
1024 485.97834878973248
1028 484.45967837944501
1032 482.93759807337397
1036 481.41212685525422
1040 479.88328371577035
1044 478.35108765517530
1048 476.81555768610903
1052 475.27671283663137
1056 473.73457215348344
1060 472.18915470559298
1064 470.64047958783929
1068 469.08856592509438
1072 467.53343287655724
1076 465.97509964039873
1080 464.41358545873527
1084 462.84890962294965
1088 461.28109147937775
1092 459.71015043538032
1096 458.13610596581888
1100 456.55897761995504
1104 454.97878502879234
1108 453.39554791287938
1112 451.80928609059254
1116 450.22001948691609
1120 448.62776814273620
1124 447.03255222466443
1128 445.43439203540465
1132 443.83330802467543
1136 442.22932080069768
1140 440.62245114225460
1144 439.01272001132781
1148 437.40014856630980
1152 435.78475817578836
1156 434.16657043289393
1160 432.54560717019484
1164 430.92189047511916
1168 429.29544270587434
1172 427.66628650782793
1176 426.03444483030311
1180 424.39994094373297
1184 422.76279845710589
1188 421.12304133562209
1192 419.48069391846793
1196 417.83578093659951
1200 416.18832753041134
1204 414.53835926714854
1208 412.88590215790259
1212 411.23098267401109
1216 409.57362776266165
1220 407.91386486147812
1224 406.25172191184574
1228 404.58722737070857
1232 402.92041022055029
1236 401.25129997724638
1240 399.57992669545408
1244 397.90632097118540
1248 396.23051394118982
1252 394.55253727875647
1256 392.87242318553241
1260 391.19020437894465
1264 389.50591407480922
1268 387.81958596471268
1272 386.13125418776042
1276 384.44095329630326
1280 382.74871821528012
1284 381.05458419485057
1288 379.35858675603885
1292 377.66076162916903
1296 375.96114468494277
1300 374.25977185809365
1304 372.55667906364781
1308 370.85190210592760
1312 369.14547658055263
1316 367.43743776981910
1320 365.72782053197288
1324 364.01665918502972
1328 362.30398738593692
1332 360.58983800600829
1336 358.87424300369760
1340 357.15723329589732
1344 355.43883862905820
1348 353.71908745151413
1352 351.99800678846331
1356 350.27562212109649
1360 348.55195727137271
1364 346.82703429392075
1368 345.10087337648802
1372 343.37349275026866
1376 341.64490861131876
1380 339.91513505411217
1384 338.18418401810770
1388 336.45206524799253
1392 334.71878626804235
1396 332.98435237080287
1400 331.24876662005575
1404 329.51202986779232
1408 327.77414078468696
1412 326.03509590334556
1416 324.29488967340860
1420 322.55351452741826
1424 320.81096095621844
1428 319.06721759254833
1432 317.32227130141593
1436 315.57610727579751
1440 313.82870913620236
1444 312.08005903266642
1448 310.33013774779129
1452 308.57892479952322
1456 306.82639854246534
1460 305.07253626663205
1464 303.31731429268203
1468 301.56070806280164
1472 299.80269222654987
1476 298.04324072111431
1480 296.28232684556349
1484 294.51992332880940
1488 292.75600239111442
1492 290.99053579908656
1496 289.22349491420465
1500 287.45485073500090
1504 285.68457393310035
1508 283.91263488337689
1512 282.13900368853282
1516 280.36365019844450
1520 278.58654402464155
1524 276.80765455030190
1528 275.02695093615102
1532 273.24440212265219
1536 271.45997682886633
1540 269.67364354834647
1544 267.88537054241401
1548 266.09512583114234
1552 264.30287718234991
1556 262.50859209887899
1560 260.71223780441023
1564 258.91378122803613
1568 257.11318898779017
1572 255.31042737330221
1576 253.50546232772612
1580 251.69825942906165
1584 249.88878387097053
1588 248.07700044316612
1592 246.26287351143693
1596 244.44636699734726
1600 242.62744435764241
1604 240.80606856337237
1608 238.98220207873528
1612 237.15580683963132
1616 235.32684423190823
1620 233.49527506927153
1624 231.66105957082537
1628 229.82415733820399
1632 227.98452733224879
1636 226.14212784918114
1640 224.29691649621799
1644 222.44885016657324
1648 220.59788501378579
1652 218.74397642531174
1656 216.88707899531663
1660 215.02714649660046
1664 213.16413185158659
1668 211.29798710230283
1672 209.42866337928053
1676 207.55611086929500
1680 205.68027878186732
1684 203.80111531444436
1688 201.91856761617037
1692 200.03258175015908
1696 198.14310265417100
1700 196.25007409959547
1704 194.35343864863137
1708 192.45313760955431
1712 190.54911098995129
1716 188.64129744779619
1720 186.72963424023146
1724 184.81405716991182
1728 182.89450052875656
1732 180.97089703894496
1736 179.04317779097931
1740 177.11127217862353
1744 175.17510783051700
1748 173.23461053823703
1752 171.28970418058479
1756 169.34031064381712
1760 167.38634973758660
1764 165.42773910622024
1768 163.46439413513781
1772 161.49622785183539
1776 159.52315082144548
1780 157.54507103576590
1784 155.56189379651880
1788 153.57352159022929
1792 151.57985395786562
1796 149.58078735228726
1800 147.57621499382306
1804 145.56602670447104
1808 143.55010875205142
1812 141.52834364889410
1816 139.50060999646546
1820 137.46678221935632
1824 135.42673044833040
1828 133.38032011578127
1832 131.32741198563274
1836 129.26786141970386
1840 127.20151884828742
1844 125.12822821632767
1848 123.04782866448097
1852 120.96015090452676
1856 118.86502207516297
1860 116.76225691544201
1864 114.65167069038903
1868 112.53305747332127
1872 110.40622306686890
1876 108.27093190207472
1880 106.12698836062085
1884 103.97410877835419
1888 101.81211730282195
1892 99.640642907098699
1896 97.459580209259024
1900 95.268386567233459
1904 93.067141928319633
1908 90.854952618171142
1912 88.632334053049600
1916 86.397665692773220
1920 84.152425481131467
1924 81.893495600664900
1928 79.624393577306665
1932 77.338963982563556
1936 75.044899662508891
1940 72.730011006884668
1944 70.410273682310206
1948 68.061803456675277
1952 65.716511860469234
1956 63.328459047821383
1960 60.959283776604538
1964 58.522654134489480
1968 56.133923784927009
1972 53.635071370708105
1976 51.235334285942179
1980 48.653623922881300
1984 46.257644847706076
1988 43.562345984914166
1992 41.193360999448364
1996 38.339723944068084
2000 36.031656463653132
2004 32.955956028166000
2008 30.755501826282816
2012 27.367875276709467
2016 25.337431814240905
2020 21.507984435022926
2024 19.733387465214510
2028 15.255080247943025
2032 13.871694274719092
2036 8.3177661667193437
2040 7.6246189861593984
2044 -10000
2048 0.69314718055994531
