-512 0.69314718055994531
-508 -10000
-504 6.2383246250395078
-500 6.9314718055994531
-496 11.124907270465785
-492 12.499816309360550
-488 15.681679668125163
-484 17.409351155462420
-480 20.050190800300955
-476 21.960559498297521
-472 24.294626238157451
-468 26.280331831727590
-464 28.439343954405288
-460 30.437767683624087
-456 32.493573756525185
-452 34.474061936140111
-448 36.463952397339379
-444 38.414874330245745
-440 40.357859238487903
-436 42.276942814468042
-432 44.183129374071303
-428 46.071903457622037
-424 47.947279349935460
-420 49.808444507621988
-416 51.657089256995899
-412 53.493471127526424
-408 55.318516410800167
-404 57.132732617132066
-400 58.936778658210045
-396 60.731184462103941
-392 62.516499485007896
-388 64.293226786815248
-384 66.061861366807877
-380 67.822876662550274
-376 69.576734032743292
-372 71.323879166159576
-368 73.064741859826120
-364 74.799731184025864
-360 76.529229500696444
-356 78.253583883941251
-352 79.973096062449481
-348 81.688011261892859
-344 83.398507017050044
-340 85.104682987988113
-336 86.806552918552516
-332 88.504039700531659
-328 90.196974225015939
-324 91.885098286711544
-320 93.568071356451959
-316 95.245480621319791
-312 96.916853385701302
-308 98.581670770497891
-304 100.23938164881589
-300 101.88941588898999
-296 103.53119619443458
-292 105.16414808369065
-288 106.78770779915486
-284 108.40132813912783
-280 110.00448236011931
-276 111.59666639283265
-272 113.17739966262099
-268 114.74622481447787
-264 116.30270662570317
-260 117.84643035691270
-256 119.37699975240116
-252 120.89403485991541
-248 122.39716980135373
-244 123.88605059177770
-240 125.36033307520983
-236 126.81968102203525
-232 128.26376441404368
-228 129.69225792865470
-224 131.10483962302368
-220 132.50118981091219
-216 133.88099011986888
-212 135.24392271292296
-208 136.58966965722797
-204 137.91791242155801
-200 139.22833148495177
-196 140.52060603986701
-192 141.79441377473408
-188 143.04943072259906
-184 144.28533116447780
-180 145.50178757798173
-176 146.69847062363527
-172 147.87504916301972
-168 149.03119030440779
-164 150.16655947287734
-160 151.28082050300711
-156 152.37363575317010
-152 153.44466624116725
-148 154.49357180150842
-144 155.52001126507109
-140 156.52364266217556
-136 157.50412345032755
-132 158.46111076801597
-128 159.39426171602771
-124 160.30323366776490
-120 161.18768461002941
-116 162.04727351567857
-112 162.88166074945666
-108 163.69050850816697
-104 164.47348129616746
-100 165.23024643694579
-96 165.96047462125256
-92 166.66384049194244
-88 167.34002326528768
-84 167.98870738808563
-80 168.60958322938144
-76 169.20234780506900
-72 169.76670553302232
-68 170.30236901575071
-64 170.80905984687374
-60 171.28650943698688
-56 171.73445985375225
-52 172.15266467031683
-48 172.54088981545604
-44 172.89891441818511
-40 173.22653163900069
-36 173.52354947943639
-32 173.78979156126428
-28 174.02509786647514
-24 174.22932542914450
-20 174.40234897045715
-16 174.54406146853118
-12 174.65437465525878
-8 174.73321943316082
-4 174.78054620622472
0 174.79632511983893
4 174.78054620622472
8 174.73321943316082
12 174.65437465525878
16 174.54406146853118
20 174.40234897045715
24 174.22932542914450
28 174.02509786647514
32 173.78979156126428
36 173.52354947943639
40 173.22653163900069
44 172.89891441818511
48 172.54088981545604
52 172.15266467031683
56 171.73445985375225
60 171.28650943698688
64 170.80905984687374
68 170.30236901575071
72 169.76670553302232
76 169.20234780506900
80 168.60958322938144
84 167.98870738808563
88 167.34002326528768
92 166.66384049194244
96 165.96047462125256
100 165.23024643694579
104 164.47348129616746
108 163.69050850816697
112 162.88166074945666
116 162.04727351567857
120 161.18768461002941
124 160.30323366776490
128 159.39426171602771
132 158.46111076801597
136 157.50412345032755
140 156.52364266217556
144 155.52001126507109
148 154.49357180150842
152 153.44466624116725
156 152.37363575317010
160 151.28082050300711
164 150.16655947287734
168 149.03119030440779
172 147.87504916301972
176 146.69847062363527
180 145.50178757798173
184 144.28533116447780
188 143.04943072259906
192 141.79441377473408
196 140.52060603986701
200 139.22833148495177
204 137.91791242155801
208 136.58966965722797
212 135.24392271292296
216 133.88099011986888
220 132.50118981091219
224 131.10483962302368
228 129.69225792865470
232 128.26376441404368
236 126.81968102203525
240 125.36033307520983
244 123.88605059177770
248 122.39716980135373
252 120.89403485991541
256 119.37699975240116
260 117.84643035691270
264 116.30270662570317
268 114.74622481447787
272 113.17739966262099
276 111.59666639283265
280 110.00448236011931
284 108.40132813912783
288 106.78770779915486
292 105.16414808369065
296 103.53119619443458
300 101.88941588898999
304 100.23938164881589
308 98.581670770497891
312 96.916853385701302
316 95.245480621319791
320 93.568071356451959
324 91.885098286711544
328 90.196974225015939
332 88.504039700531659
336 86.806552918552516
340 85.104682987988113
344 83.398507017050044
348 81.688011261892859
352 79.973096062449481
356 78.253583883941251
360 76.529229500696444
364 74.799731184025864
368 73.064741859826120
372 71.323879166159576
376 69.576734032743292
380 67.822876662550274
384 66.061861366807877
388 64.293226786815248
392 62.516499485007896
396 60.731184462103941
400 58.936778658210045
404 57.132732617132066
408 55.318516410800167
412 53.493471127526424
416 51.657089256995899
420 49.808444507621988
424 47.947279349935460
428 46.071903457622037
432 44.183129374071303
436 42.276942814468042
440 40.357859238487903
444 38.414874330245745
448 36.463952397339379
452 34.474061936140111
456 32.493573756525185
460 30.437767683624087
464 28.439343954405288
468 26.280331831727590
472 24.294626238157451
476 21.960559498297521
480 20.050190800300955
484 17.409351155462420
488 15.681679668125163
492 12.499816309360550
496 11.124907270465785
500 6.9314718055994531
504 6.2383246250395078
508 -10000
512 0.69314718055994531
