-512 2
-508 0
-504 512
-500 1024
-496 67840
-492 268288
-488 6463488
-484 36373504
-480 510137472
-476 3446274048
-472 35564942848
-468 259061632000
-464 2244141041664
-460 16555966785536
-456 129353975240704
-452 937335072977920
-448 6856355294895136
-444 48235628829928448
-440 336663139229853696
-436 2294261810504153088
-432 15434383264054751232
-428 102040703104512185344
-424 665639129468252817920
-420 4280875542797188818944
-416 27188723336480479383680
-412 170576550866417544416256
-408 1058099293205404951869440
-404 6492777370200603508381696
-400 39438260600991177128045312
-396 237256593923183825340222464
-392 1414395136265001554243053056
-388 8359756300183901421163098112
-384 49011935788511357573628263792
-380 285168191470284969921686540288
-376 1647371920960168202143395285504
-372 9452945408089672661306152932352
-368 53903158206162150596219622870272
-364 305569850047714588260614649079808
-360 1722749277543846718764428903958528
-356 9662726116974562379028634249516032
-352 53935451751667083062550139364135296
-348 299676390194407037955035236077828096
-344 1657720837114471217696413947307521536
-340 9130492536572718976798063224032865280
-336 50073382063579152660627165950277625856
-332 273411053363349179707306059255389235200
-328 1486100534202177918853661642638313940992
-324 8038798726844520621272166542110506832896
-320 43261051627011809808391738146420526278240
-316 231519011798077888983820131371195880885248
-312 1231557317034556510056654941774955447162880
-308 6508420921057273407292469915111860313929728
-304 34151542148048527600898845729355706680360960
-300 177832479942801796818211975075604063301415936
-296 918390139301760435247729717964668963355560448
-292 4701205188632844368378278202736235170866964480
-288 23840328332120507606315294371776768960997983616
-284 119701237923672828228484869442694850509869652992
-280 594757152627949500438253228055837273112794152960
-276 2922916529049724472685360285423247548186579019776
-272 14201039965134148049217301717187533988924329275136
-268 68179255754858336308448322960037361763146746108928
-264 323313409875478655871130865599358716403520327380480
-260 1513750905724127680864391937454722826927500871041024
-256 6994750993535906920078386786399142679909967346987832
-252 31886895219475135015217137712603264725251843623616512
-248 143355858307825170626447873532299913363195229581822464
-244 635372123863582722250770477987239056724978523528549376
-240 2775242285650355265574495891529113863148730156325588224
-236 11942291415009915372359613295617414588113816411064727552
-232 50611022693649248445003261961946680672474758325847801856
-228 211169875555038247275971159538038689461235123739771753472
-224 867178294827835610801008509151742419545951425794628269184
-220 3503769925023508403120725735528997519413498128047257466880
-216 13924359929735476424780677247223781427608588509635614719488
-212 54411330436773536486854224203486717090841132443398903749632
-208 208996886885118695227557968476508485957256948411763671994368
-204 788838902689248672311809407465625820845950106272120056932352
-200 2924799423906101009005606167292032425543265862308267468761088
-196 10649367068741493941851544135721598840698721457673571451708416
-192 38065493718933807677916217423344746726820412663418362447868960
-188 133529862632477647117542152094872939513936437290015596318866432
-184 459539814201354980256591938941077567972729136481932044199680000
-180 1551041621895425879670946447045440064396942635191402618548566016
-176 5132586714830399462127565722593779715170161998706787870874265600
-172 16646305574607524832360110062379809889799108194482629982474683392
-168 52896091200415481077808263054475640799777931163303631527981269504
-164 164629684337510408780557125126073718532919383918880612636716017664
-160 501678584335017971657146332189008493427659929654268351497108154496
-156 1496336242853672915087394263129460639321516856975709503036461775872
-152 4366885712986614748128466327455781300834724869020643379029455837184
-148 12465385759400084702828526767385203660656731933011532636453879592960
-144 34792266235273238658728210963673811147489748655811596736003018688256
-140 94919249470620132401892424114957652049078157973342614856387449715712
-136 253029811226437653836054840711276564668131357932727139805139804446208
-132 658849169465873592951805265828351587049089693811187001726006424055808
-128 1675129204703547339585258123487257608473601087296279775243280716122640
-124 4157285142172099044117981656853097962618694539195741315669396875972608
-120 10067507849600437632788589646083547835262849305722580010612934547059200
-116 23781360441034343801635024553234044213960132746210566740259382832489472
-112 54778037214768907187599305098175168175473517063296432509183415968235776
-108 122994186690644534531467048297221173861580704459615437789696158795810816
-104 269107217855407881667578747965378516889886699966712983763182851705939968
-100 573567151483064703584689328232418869328571773762911528057772936610669568
-96 1190469688751670945552039955786107921862184899406365066325521685062743424
-92 2405394194518238008445029950776176842805639782519256709695546308622055424
-88 4729864568854242093338185211683870930070137412903984862059114981822348800
-84 9048334363260241781255071330474860334103569267901277109712195685612469248
-80 16834940761057617032938133191184579573348086284310922354703386345225928704
-76 30454114540120460545619341416400614445642284852327165394261115163077961728
-72 53548020858415947488653247823174571302108151848312310531668381854893922304
-68 91491156760027963975439995667294398599873060732691798314102638756226925568
-64 151856068018490751025673483829258371098747122397793477153631997290795895136
-60 244785603925627041653848440262347761511059999670692845544970996544948018176
-56 383114215754071420480885282782910226348446304557245666031668395088818284544
-52 582039302049165902902619146470452040863098996451464220997280314909491951616
-48 858136450349350410435300319386162234350921961887030457622029157406945372160
-44 1227564890980311307816290600201183182891319664305777329480846984447772664832
-40 1703439878291361270841339200732858208517123970015758469844155255790512095744
-36 2292556349733832818718263437125676640945404972529179965232912238167758776320
-32 2991902841160629907579563943504168202587894623972546074718849167667558969728
-28 3785643523746843354336337963103259048280355362977818029032116426040495246336
-24 4643384203499279651601422387414358506395251349314933822036983942781885440000
-20 5520492050522546865795987941179953558918666693909940429597547788539843627008
-16 6360961174362492149581273247826701835496985435929113972114560951070735383296
-12 7102825628389146138640253566004117025301371078535056311902512707005495053312
-8 7685515539516761019384544491492945293795302362942643313366077185086167008768
-4 8057990692226778609548442197817524348676968450723097450786840538370165080064
0 8186145443716474251462714767435608722044199998728667180196474843673635359372
4 8057990692226778609548442197817524348676968450723097450786840538370165080064
8 7685515539516761019384544491492945293795302362942643313366077185086167008768
12 7102825628389146138640253566004117025301371078535056311902512707005495053312
16 6360961174362492149581273247826701835496985435929113972114560951070735383296
20 5520492050522546865795987941179953558918666693909940429597547788539843627008
24 4643384203499279651601422387414358506395251349314933822036983942781885440000
28 3785643523746843354336337963103259048280355362977818029032116426040495246336
32 2991902841160629907579563943504168202587894623972546074718849167667558969728
36 2292556349733832818718263437125676640945404972529179965232912238167758776320
40 1703439878291361270841339200732858208517123970015758469844155255790512095744
44 1227564890980311307816290600201183182891319664305777329480846984447772664832
48 858136450349350410435300319386162234350921961887030457622029157406945372160
52 582039302049165902902619146470452040863098996451464220997280314909491951616
56 383114215754071420480885282782910226348446304557245666031668395088818284544
60 244785603925627041653848440262347761511059999670692845544970996544948018176
64 151856068018490751025673483829258371098747122397793477153631997290795895136
68 91491156760027963975439995667294398599873060732691798314102638756226925568
72 53548020858415947488653247823174571302108151848312310531668381854893922304
76 30454114540120460545619341416400614445642284852327165394261115163077961728
80 16834940761057617032938133191184579573348086284310922354703386345225928704
84 9048334363260241781255071330474860334103569267901277109712195685612469248
88 4729864568854242093338185211683870930070137412903984862059114981822348800
92 2405394194518238008445029950776176842805639782519256709695546308622055424
96 1190469688751670945552039955786107921862184899406365066325521685062743424
100 573567151483064703584689328232418869328571773762911528057772936610669568
104 269107217855407881667578747965378516889886699966712983763182851705939968
108 122994186690644534531467048297221173861580704459615437789696158795810816
112 54778037214768907187599305098175168175473517063296432509183415968235776
116 23781360441034343801635024553234044213960132746210566740259382832489472
120 10067507849600437632788589646083547835262849305722580010612934547059200
124 4157285142172099044117981656853097962618694539195741315669396875972608
128 1675129204703547339585258123487257608473601087296279775243280716122640
132 658849169465873592951805265828351587049089693811187001726006424055808
136 253029811226437653836054840711276564668131357932727139805139804446208
140 94919249470620132401892424114957652049078157973342614856387449715712
144 34792266235273238658728210963673811147489748655811596736003018688256
148 12465385759400084702828526767385203660656731933011532636453879592960
152 4366885712986614748128466327455781300834724869020643379029455837184
156 1496336242853672915087394263129460639321516856975709503036461775872
160 501678584335017971657146332189008493427659929654268351497108154496
164 164629684337510408780557125126073718532919383918880612636716017664
168 52896091200415481077808263054475640799777931163303631527981269504
172 16646305574607524832360110062379809889799108194482629982474683392
176 5132586714830399462127565722593779715170161998706787870874265600
180 1551041621895425879670946447045440064396942635191402618548566016
184 459539814201354980256591938941077567972729136481932044199680000
188 133529862632477647117542152094872939513936437290015596318866432
192 38065493718933807677916217423344746726820412663418362447868960
196 10649367068741493941851544135721598840698721457673571451708416
200 2924799423906101009005606167292032425543265862308267468761088
204 788838902689248672311809407465625820845950106272120056932352
208 208996886885118695227557968476508485957256948411763671994368
212 54411330436773536486854224203486717090841132443398903749632
216 13924359929735476424780677247223781427608588509635614719488
220 3503769925023508403120725735528997519413498128047257466880
224 867178294827835610801008509151742419545951425794628269184
228 211169875555038247275971159538038689461235123739771753472
232 50611022693649248445003261961946680672474758325847801856
236 11942291415009915372359613295617414588113816411064727552
240 2775242285650355265574495891529113863148730156325588224
244 635372123863582722250770477987239056724978523528549376
248 143355858307825170626447873532299913363195229581822464
252 31886895219475135015217137712603264725251843623616512
256 6994750993535906920078386786399142679909967346987832
260 1513750905724127680864391937454722826927500871041024
264 323313409875478655871130865599358716403520327380480
268 68179255754858336308448322960037361763146746108928
272 14201039965134148049217301717187533988924329275136
276 2922916529049724472685360285423247548186579019776
280 594757152627949500438253228055837273112794152960
284 119701237923672828228484869442694850509869652992
288 23840328332120507606315294371776768960997983616
292 4701205188632844368378278202736235170866964480
296 918390139301760435247729717964668963355560448
300 177832479942801796818211975075604063301415936
304 34151542148048527600898845729355706680360960
308 6508420921057273407292469915111860313929728
312 1231557317034556510056654941774955447162880
316 231519011798077888983820131371195880885248
320 43261051627011809808391738146420526278240
324 8038798726844520621272166542110506832896
328 1486100534202177918853661642638313940992
332 273411053363349179707306059255389235200
336 50073382063579152660627165950277625856
340 9130492536572718976798063224032865280
344 1657720837114471217696413947307521536
348 299676390194407037955035236077828096
352 53935451751667083062550139364135296
356 9662726116974562379028634249516032
360 1722749277543846718764428903958528
364 305569850047714588260614649079808
368 53903158206162150596219622870272
372 9452945408089672661306152932352
376 1647371920960168202143395285504
380 285168191470284969921686540288
384 49011935788511357573628263792
388 8359756300183901421163098112
392 1414395136265001554243053056
396 237256593923183825340222464
400 39438260600991177128045312
404 6492777370200603508381696
408 1058099293205404951869440
412 170576550866417544416256
416 27188723336480479383680
420 4280875542797188818944
424 665639129468252817920
428 102040703104512185344
432 15434383264054751232
436 2294261810504153088
440 336663139229853696
444 48235628829928448
448 6856355294895136
452 937335072977920
456 129353975240704
460 16555966785536
464 2244141041664
468 259061632000
472 35564942848
476 3446274048
480 510137472
484 36373504
488 6463488
492 268288
496 67840
500 1024
504 512
508 0
512 2
