-128 2
-124 0
-120 128
-116 256
-112 4672
-108 17920
-104 145408
-100 712960
-96 4274576
-92 22128384
-88 118551552
-84 610683392
-80 3150447680
-76 16043381504
-72 80748258688
-68 396915938304
-64 1887270677624
-60 8582140066816
-56 36967268348032
-52 149536933509376
-48 564033837424064
-44 1971511029384704
-40 6350698012553216
-36 18752030727310592
-32 50483110303426544
-28 123229776338119424
-24 271209458049836032
-20 535138987032308224
-16 941564975390477248
-12 1469940812209435392
-8 2027486077172296064
-4 2462494093546483712
0 2627978003957146636
4 2462494093546483712
8 2027486077172296064
12 1469940812209435392
16 941564975390477248
20 535138987032308224
24 271209458049836032
28 123229776338119424
32 50483110303426544
36 18752030727310592
40 6350698012553216
44 1971511029384704
48 564033837424064
52 149536933509376
56 36967268348032
60 8582140066816
64 1887270677624
68 396915938304
72 80748258688
76 16043381504
80 3150447680
84 610683392
88 118551552
92 22128384
96 4274576
100 712960
104 145408
108 17920
112 4672
116 256
120 128
124 0
128 2
