-128 0.69314718055994531
-124 -10000
-120 4.8520302639196172
-116 5.5451774444795625
-112 8.4493425245080630
-108 9.7936726865289215
-104 11.887298863200714
-100 13.477180596840947
-96 15.268195474147659
-92 16.912371686315281
-88 18.590858461912560
-84 20.230089202801466
-80 21.870810400320693
-76 23.498562234123613
-72 25.114602234581371
-68 26.706990352905729
-64 28.266152815389896
-60 29.780704423363996
-56 31.241053997806178
-52 32.638564525133691
-48 33.966135361059691
-44 35.217576663643315
-40 36.387341125010896
-36 37.470078446919057
-32 38.460415225814215
-28 39.352827107863691
-24 40.141667825183843
-20 40.821302896912849
-16 41.386319753255921
-12 41.831753810069753
-8 42.153328313883973
-4 42.347706369394249
0 42.412746404600839
4 42.347706369394249
8 42.153328313883973
12 41.831753810069753
16 41.386319753255921
20 40.821302896912849
24 40.141667825183843
28 39.352827107863691
32 38.460415225814215
36 37.470078446919057
40 36.387341125010896
44 35.217576663643315
48 33.966135361059691
52 32.638564525133691
56 31.241053997806178
60 29.780704423363996
64 28.266152815389896
68 26.706990352905729
72 25.114602234581371
76 23.498562234123613
80 21.870810400320693
84 20.230089202801466
88 18.590858461912560
92 16.912371686315281
96 15.268195474147659
100 13.477180596840947
104 11.887298863200714
108 9.7936726865289215
112 8.4493425245080630
116 5.5451774444795625
120 4.8520302639196172
124 -10000
128 0.69314718055994531
